9.698081821229248
4.966593392578174
1.0674232305272846
9.198783662042118
9.453420976273875
6.240048157530542
7.044071333391866
1.7554440415337558
7.898328395126167
3.13128797826806
1.2773261955394897
8.098954455126552
4.114800690374108
6.609533275352517
6.542341255932537
2.336991748374588
2.647815826689385
2.029716727198189
1.131569024382182
5.380763865442825
9.684114048245942
1.5810605287946746
5.869793669960172
5.193087031074786
6.413171046049463
1.8003594699159609
6.2110241756862985
3.426269534375034
6.0078930450059405
6.8017081076045445
5.329327342298666
4.19715232698685
3.242369092250881
9.40163948238112
5.080492175288442
5.771450862204313
1.1736960967874517
5.57291733201813
1.0520221367596883
2.2939158483603586
5.255442328126657
4.396126966953368
1.4875767878152857
6.2877565731796246
2.4760290136776506
6.015972136973213
2.2982114944171745
9.435763762266022
7.938819743677975
9.612398101144649
2.271049879748496
3.7485343745892874
1.3563066180516548
3.4910532531252287
8.258612546040435
2.5960873175042862
2.3911346323971068
9.592467901321553
2.390962600801387
8.505003647361086
1.3695652564462673
4.475651755022454
4.146330717673233
4.075370134754085
8.348167510428073
5.283414173185554
8.046012605701632
5.237561127779606
8.356096061723276
8.934108387900459
4.9563675791167565
8.029572380132329
8.332670442319277
3.661110240782566
2.1148900687621537
2.6705967467048968
4.924538142394732
2.0752066631009076
5.768192275820948
8.464790452756981
5.366810376877914
8.359606015316235
6.907524602854765
6.769387280365215
4.108140326838342
7.323930541434923
8.289465253580826
2.4145262630561577
9.171915572039957
3.423973305131363
2.3936184617231464
8.564312486750433
7.481151818569056
8.14206156196377
5.020035978303528
1.6369649671497108
4.557187452371046
1.4296176586358693
3.575201535453048
1.3419513551482876