   2.8377368146100968E-002
   7.4917697617000331E-002
  0.18363304599744704     
   2.1445347885518159E-002
   2.1494760277422604E-002
   3.3463171864036571E-002
   3.9985657303745301E-002
  0.11411485954287399     
   3.3424756625394084E-002
   8.9238634356349697E-002
  0.15349130193644472     
   2.5722789858787575E-002
   4.8404129163899877E-002
   3.1262031289618061E-002
   3.8920638617442681E-002
   9.6862197614576526E-002
   9.5008375367119660E-002
  0.13148233675044022     
  0.17416313627333171     
   3.6140391247000407E-002
