   2.5335274517360781E-002
   2.6932246183971532E-002
  0.11594802902294808     
   1.3513083903234512E-002
   1.3317871412547184E-002
   2.5010791764312972E-002
   2.2725900686132571E-002
   7.8450382959396839E-002
   3.6147657841393982E-002
   4.1691683949223013E-002
   9.4970300609305600E-002
   2.2709056729159075E-002
   3.1444580697625818E-002
   1.9668546608907433E-002
   1.9692556977761420E-002
   6.1427777296591164E-002
   4.8823341864047132E-002
   6.1778375570769532E-002
  0.11076502290034911     
   2.3377966140316661E-002
   1.3167004659531996E-002
   7.7530599401657907E-002
   2.4060055845217945E-002
   2.3617221467947820E-002
   2.0572524187371433E-002
   6.7761242576598990E-002
   3.0772799512528540E-002
   3.6494826863564429E-002
   3.8492673042072351E-002
   2.6157247837486370E-002
   2.5872212574868342E-002
   3.1908470841882766E-002
   5.6193284575720558E-002
   1.4691084725092353E-002
   3.2375263273360877E-002
   2.3435978452632487E-002
  0.11351107174435095     
   2.1912385033288049E-002
  0.11531760461169210     
   5.2508209291557799E-002
   2.5764287366017172E-002
   2.8730237759865811E-002
   9.0331062854769134E-002
   2.0655536568726346E-002
   4.8919516091860162E-002
   2.2073258721865427E-002
   5.6004685076443704E-002
   1.3006858342489141E-002
   1.8496188824392610E-002
   1.3085638086857570E-002
   6.5893166937641023E-002
   3.3695471555785381E-002
   9.0402891080930178E-002
   3.5370026293466590E-002
   1.4795588013113137E-002
   4.6857759208455176E-002
   5.0436050021932508E-002
   1.2859874903378145E-002
   5.0496482748826628E-002
   1.4235259250884797E-002
   8.8141133579357475E-002
   2.6863364167787264E-002
   2.9089652674670920E-002
   2.9716752036844808E-002
   1.5384826772928361E-002
   2.3998428081129473E-002
   1.5472347493599308E-002
   2.5893383221977338E-002
   1.5062259514750202E-002
   1.3957081802780456E-002
   2.5244455952169093E-002
   1.5303382134977995E-002
   1.4860051105270172E-002
   3.3377990738694498E-002
   5.7736258678856553E-002
   4.5608080908000746E-002
   2.4615244615011779E-002
   6.0101371112748478E-002
   2.1065630486718629E-002
   1.6249426474017899E-002
   2.4843155695234039E-002
   1.4735287887798964E-002
   1.7795911698693857E-002
   1.8052387413601139E-002
   2.9891696363070496E-002
   2.1527303888585408E-002
   1.6059153339946397E-002
   6.0723101706877121E-002
   1.5399777470641482E-002
   4.9531489170663467E-002
   5.0253117231113274E-002
   1.4046174451524828E-002
   1.6108389034079986E-002
   1.4792693971434795E-002
   2.3952006227687402E-002
   7.3589331056299279E-002
   2.6410997728064527E-002
   8.4225168163708508E-002
   3.3674273710989522E-002
   8.9488432917911365E-002
