  0.14261990709039787     
  0.14261990709039787     
  0.14261990709039787     
  0.14261990709039787     
  0.14261990709039787     
  0.14261990709039787     
  0.14261976161821777     
  0.14261976161821777     
  0.14261976161821777     
  0.14261976161821777     
  0.14261976161821777     
  0.14261976161821777     
  0.14261976161821777     
  0.14261976161821777     
  0.14261990709039787     
  0.14261990709039787     
  0.14261990709039787     
  0.14261990709039787     
  0.14261990709039787     
  0.14261990709039787     
  0.14261990709039787     
  0.14261976161821777     
  0.14261976161821777     
  0.14261976161821777     
  0.14261976161821777     
  0.14261976161821777     
  0.14261976161821777     
  0.14261976161821777     
  0.14261976161821777     
  0.14261976161821777     
  0.14261976161821777     
  0.14261976161821777     
  0.14261976161821777     
  0.14261976161821777     
  0.14261976161821777     
  0.14261976161821777     
  0.14261976161821777     
  0.14261976161821777     
  0.14261976161821777     
  0.14261976161821777     
  0.14261976161821777     
  0.14261976161821777     
  0.14261961614603763     
  0.14261961614603763     
  0.14261961614603763     
  0.14261961614603763     
  0.14261961614603763     
  0.14261976161821777     
  0.14261976161821777     
  0.14261976161821777     
  0.14261976161821777     
