  0.19483434062805960     
  0.19483434062805960     
  0.19483434062805960     
  0.19483434062805960     
  0.19483434062805960     
  0.19483434062805960     
  0.19483434062805960     
  0.19483434062805960     
  0.19483434062805960     
  0.19483434062805960     
  0.19483434062805960     
  0.19483434062805960     
  0.19483453935932155     
  0.19483453935932155     
  0.19483453935932155     
  0.19483453935932155     
  0.19483453935932155     
  0.19483453935932155     
  0.19483453935932155     
  0.19483473809058349     
  0.19483473809058349     
  0.19483473809058349     
  0.19483473809058349     
  0.19483453935932155     
  0.19483453935932155     
  0.19483453935932155     
  0.19483453935932155     
  0.19483453935932155     
  0.19483453935932155     
  0.19483453935932155     
  0.19483453935932155     
  0.19483453935932155     
  0.19483453935932155     
  0.19483473809058349     
  0.19483473809058349     
  0.19483473809058349     
  0.19483473809058349     
  0.19483473809058349     
  0.19483473809058349     
  0.19483473809058349     
  0.19483453935932155     
  0.19483453935932155     
  0.19483473809058349     
  0.19483473809058349     
  0.19483473809058349     
  0.19483473809058349     
  0.19483473809058349     
  0.19483473809058349     
  0.19483473809058349     
  0.19483473809058349     
  0.19483473809058349     
