   1.6380474727943260E-002
   2.5847655571477651E-002
   8.1187765553573210E-002
   3.3909564380611025E-002
  0.12995894523266754     
   1.5340841470044192E-002
   2.5061653513129310E-002
   2.7338807844514017E-002
   4.4549559230571439E-002
   1.8368982128339411E-002
   1.5563075291610570E-002
   4.8658918873981702E-002
   2.8276391692351337E-002
   1.6017539694392780E-002
   2.3117069804307801E-002
   4.6217879237285188E-002
   1.5672925338735769E-002
   3.0323940829666090E-002
   1.4744813416840754E-002
   2.3690748918602449E-002
   8.2088301984977782E-002
   1.7791926519567076E-002
   2.3381120122197133E-002
   1.9393396713527730E-002
   3.2817464496423275E-002
   2.1743559733074388E-002
   1.9479955239212410E-002
   7.9242459611168173E-002
   2.7719640785573280E-002
   3.8716038425530473E-002
   1.8136878039924954E-002
   4.8574728031947803E-002
   6.2661370976860448E-002
   1.7984974408069440E-002
   3.2995626601184110E-002
   2.0871476324816816E-002
   1.6968478327940184E-002
  0.13422231986777006     
   3.0231950074390460E-002
   3.7448646621458012E-002
   2.1306335007122666E-002
   1.8435571811341561E-002
   2.3405349382221694E-002
  0.11641894803414597     
   2.2239994222475457E-002
   2.1814732690786192E-002
   1.6533526896027100E-002
   3.1603858201022197E-002
   1.5100760464219650E-002
   3.2465209006507401E-002
