   2.5629929222932168E-002
   5.0972556068833184E-002
  0.12258054950317478     
   7.6098890633674129E-002
  0.17856950880113151     
   2.1643832463879100E-002
   3.4624105826849959E-002
   4.0289759503642886E-002
   6.1566188520552644E-002
   2.5360330945836954E-002
   2.3478936100501367E-002
   6.8265321170689286E-002
   3.8474627886206605E-002
   2.2705687232558443E-002
   3.4363669676981679E-002
   5.8383206047330390E-002
   2.2312166803095109E-002
   4.1195564389257325E-002
   2.1951115185922732E-002
   4.3405356474834268E-002
  0.11259420957513686     
   2.4564056288538742E-002
   2.7388036837511974E-002
   2.6700452993988422E-002
   4.3460527818137966E-002
   3.0669130155292813E-002
   3.2861255062738876E-002
  0.10312696064947854     
   3.9788269897305682E-002
   5.2569967401983352E-002
   2.8721811009999446E-002
   7.2155363106396989E-002
   6.8004114344836983E-002
   2.3390623258829148E-002
   4.3759448054227774E-002
   3.3978158081749692E-002
   5.4606712203298650E-002
  0.18557613627853026     
   3.0541997461170461E-002
   5.0889836819430614E-002
   2.9447087354547437E-002
   2.9943480591977590E-002
   5.5729626852053030E-002
  0.16124076039158949     
   3.0453637716482851E-002
   3.0276039053491310E-002
   2.4168378039703182E-002
   4.3840339447343876E-002
   2.2238647286365227E-002
   4.4430970344825377E-002
